
50670485101
50685111600
50671140102
50689043275
50684088825
50661853221
50670124868
50689540438
50661192428
50685866782
50664023636
50683064265
50663854694
50670960485
50662650446
50689764584
50687863890
50671435304
50683486155
50688975544
50684420654
50661103891
50664118439
50687797865
50683559641
50661498367
50683228110
50687802318
50688881788
50671037644
50687511223
50662590071
50672481547
50686484258
50663532079
50671271106
50660668044
50685057444
50683310866
50662286337
50661099292
50670793201
50670331237
50688492405
50664794227
50663005043
50687242158
50672032526
50672631870
50661184619
50672832522
50683785511
50689447846
50672516342
50671308389
50671516422
50663861007
50662747670
50660723616
50686557291
50670357974
50662714197
50661112204
50661287401
50686521708
50687520844
50662921070
50672472972
50670221573
50670426011
50683892099
50662051970
50683342451
50670104298
50664666007
50663679876
50664493507
50670030478
50672249597
50688023319
50689575761
50663474193
50662494523
50688094424
50661744647
50660245876
50683244742
50685698741
50662035736
50663307604
50687391011
50661529584
50662615347
50671021422
50689631205
50660755083
50685850118
50670105839
50684316955
50660931094
50662526348
50671952829
50689222390
50686115098
50670286849
50679357973
50670858158
