50672924544
50662650094
50685167274
50685699888
50688785732
50688253197
50662733297
50660207369
50661933758
50686791565
50662360226
50670874144
50671073160
50689501339
50671712639
50688954162
50661092994
50671094114
50686097414
50688116298
50660133352
50661908129
50670520801
50660733709
50671110835
50685926145
50661051928
50687250505
50687250550
50688028164
50683064109
50662421125
50688059272
50686254036
50671107145
50687619587
50670642303
50670032289
50683748849
50670231385
50686727371
50672351736
50671338000
50664568949
50670365046
50688850338
50664633606
50661169174
50684422443
50672255344
50685567461
50670964050
50661185421
50661121020
50662572949
50689131581
50672445424
50664361106
50685868630
50671819743
50662907647
50664262454
50686993119
50660146410
50687478398
50686978850
50660121225
50670767048
50687546889
50672631867
50686463046
50661912383
50662289323
50685189664
50662063018
50684900422
50686961817
50660913870
50671903637
50664172435
50672639712
50683843998
50685962597
50663970875
50688848563
50685843095
50660405787
50660040427
50660444587
50670272129
50687422201
50671725863
50671069998
50670131232
50683082762
50675424879
50662077180
50671464451
50662834098
50671525173
50687010429
50683112630
50660409665
50662553411
50672071302
50688992240
50683374059
50672321603
50671917815
50671120015
50660014051
50683787993
50670485101
50685111600
50671140102
50689043275
50684088825
50661853221
50670124868
50689540438
50661192428
50685866782
50664023636
50683064265
50663854694
50670960485
50662650446
50689764584
50687863890
50671435304
50683486155
50688975544
50684420654
50661103891
50664118439
50687797865
50683559641
50661498367
50683228110
50687802318
50688881788
50671037644
50687511223
50662590071
50672481547
50686484258
50663532079
50671271106
50660668044
50685057444
50683310866
50662286337
50661099292
50670793201
50670331237
50688492405
50664794227
50663005043
50687242158
50672032526
50672631870
50661184619
50672832522
50683785511
50689447846
50672516342
50671308389
50671516422
50663861007
50662747670
50660723616
50686557291
50670357974
50662714197
50661112204
50661287401
50686521708
50687520844
50662921070
50672472972
50670221573
50670426011
50683892099
50662051970
50683342451
50670104298
50664666007
50663679876
50664493507
50670030478
50672249597
50688023319
50689575761
50663474193
50662494523
50688094424
50661744647
50660245876
50683244742
50685698741
50662035736
50663307604
50687391011
50661529584
50662615347
50671021422
50689631205
50660755083
50685850118
50670105839
50684316955
50660931094
50662526348
50671952829
50689222390
50686115098
50670286849
50679357973
50670858158
