71620783
61852344
89082634
88052254
62068180
64088606
89098167
88174683
83989267
60389884
83706262
71515215
60161320
64310223
85835212
61803434
63641306
63739895
60902254
70273201
87618409
63773064
86831281
64062854
63327283
62800012
70153367
89443616
87547749
64568369
88423799
86855591
63584496
64852054
85023055
71700719
63833814
60661009
60346890
60813436
62617060
61451325
88827023
61608596
60128225
88307859
72089668
71491118
72130529
60381511
86714131
89479452
63034668
85394484
60543766
60486092
72924544
62650094
85167274
85699888
88785732
88253197
62733297
60207369
61933758
86791565
62360226
70874144
71073160
89501339
71712639
88954162
61092994
71094114
86097414
88116298
60133352
61908129
70520801
60733709
71110835
85926145
61051928
87250505
87250550
88028164
83064109
62421125
88059272
86254036
71107145
87619587
70642303
70032289
83748849
70231385
86727371
72351736
71338000
64568949
70365046
88850338
64633606
61169174
84422443
72255344
85567461
70964050
61185421
61121020
62572949
89131581
72445424
64361106
85868630
71819743
62907647
64262454
86993119
60146410
87478398
86978850
60121225
70767048
87546889
72631867
86463046
61912383
62289323
85189664
62063018
84900422
86961817
60913870
71903637
64172435
72639712
83843998
85962597
63970875
88848563
85843095
60405787
60040427
60444587
70272129
87422201
71725863
71069998
70131232
83082762
75424879
61207718
71464451
62834098
71525173
87010429
83111263
60409665
62553411
72071302
88992240
83374059
72321603
71917815
71120015
60014051
83787993
70485101
85111600
71140102
89043275
84088825
61853221
70124868
89540438
61192428
85866782
64023636
83061265
63854694
70960485
62650446
89764584
87863890
71435304
83486155
88975544
84420654
61103891
64118439
87797865
83559641
61498367
83228110
87802318
88881788
71037644
87511223
62590071
72481547
86484258
63532079
71271106
60668044
85057444
83310866
62286337
61099292
70793201
70331237
88492405
64794227
63005043
87242158
72032526
72631870
61184619
72832522
83785511
89447846
72516342
71308389
71516422
63861007
62747670
60723616
86557291
70357974
62714197
61112204
61287401
86521708
87520844
62921070
72472972
70221573
70426011
83892099
64205197
83342451
70104298
64666007
63679876
64493507
70030478
72249597
88023319
89575761
63474193
62494523
88094424
61744647
60245876
83244742
85698741
62035736
63307604
87391011
61529584
62615347
71021422
89631205
60755083
85850118
70105839
84316955
60931094
62526348
71952829
89222390
86115098
70286849
79357973
70858158